fp  : 0.015346117424242424
fn  : 0.004026704545454545
tot : 0.01937282196969697