fp  : 0.005085511363636363
fn  : 0.0031946969696969698
tot : 0.008280208333333334