fp  : 0.014813636363636364
fn  : 0.003784185606060606
tot : 0.01859782196969697