fp  : 0.0027389204545454544
fn  : 0.0015882575757575758
tot : 0.00432717803030303
