fp  : 0.0027260416666666665
fn  : 0.002369602272727273
tot : 0.00509564393939394